45,-254
-221,73
-23,-101
48,-254
-11,-176
99,-184
-28,-61
36,-147
34,-7
16,-130
30,-34
98,-178
-27,-76
-168,21
-260,78
-104,-24
-34,-145
-32,-131
-5,-122
67,-149
10,-5
-281,68
-253,57
0,-2
-30,17
54,-243
-28,-101
-172,11
-71,-28
3,-123
20,-161
23,-220
7,-166
-100,-52
-26,-86
24,-145
100,-184
-40,-102
0,14
24,-179
-29,-82
30,-156
-34,-172
-22,-165
-160,13
-246,53
-22,-111
75,-260
-175,28
-181,-47
-255,35
3,-136
-30,-80
74,-189
-33,30
92,-287
-161,-24
21,-38
22,-29
57,-260
-160,-14
-50,-103
-2,-135
-1,-193
-30,-167
-244,61
36,-248
33,-169
-61,2
79,-263
27,-169
-2,-154
-9,-64
21,-181
31,-153
39,-255
52,-261
-32,-77
-57,-10
74,-260
-14,-87
73,-281
59,-122
33,-128
-52,-195
-13,-172
100,-176
13,-207
-4,8
76,-262
-30,-142
34,-238
58,-119
-49,-196
-41,-151
45,-256
68,-264
72,-204
-47,-182
-23,-88
11,-4
-205,27
72,-208
0,5
12,-196
81,-261
-30,-148
-11,-128
60,-140
4,-48
20,-147
94,-188
11,-175
88,-253
-9,-100
81,-253
17,-207
76,-266
-254,36
-45,-138
-29,-96
-112,-36
84,-277
-5,-154
15,1
2,-5
-24,-170
-162,-51
26,-194
-131,21
-12,-98
-26,-90
106,-225
-31,-89
74,-281
-19,-93
28,-41
15,-150
-150,61
-1,-147
28,-194
27,-171
-17,-90
-20,-162
-20,-75
91,-274
81,-254
14,-32
-40,27
6,-123
71,-236
67,-145
2,-200
44,-141
59,-130
-2,1
28,-24
24,-2
-19,-78
-13,-117
-10,-63
17,-159
17,-165
70,-160
22,-157
-146,7
-1,4
-26,-115
-24,-64
-34,-124
25,-161
-55,-186
-42,-100
-24,-62
-58,-141
-22,-156
-28,-105
78,-273
-9,-156
-17,-175
-127,4
-13,-119
75,-263
50,-114
3,10
39,-143
-24,-65
-25,-112
-189,-1
-41,-185
-40,-105
-21,18
-90,-44
37,-111
-38,-61
-126,-34
-33,16
94,-278
7,-6
-57,-161
24,-24
-4,30
-69,-157
-21,-170
-87,-32
-44,-83
49,-141
35,-171
-101,-23
-10,-166
27,-244
68,-280
31,-209
-2,0
0,-183
-48,-99
-156,16
-39,26
-10,-61
99,-294
-160,25
-76,-41
67,-204
-19,-85
-24,-67
-120,-12
-36,-107
-7,8
3,-140
-6,-62
52,-146
-146,11
58,-129
-25,-166
-49,-149
-23,-59
-4,-120
-2,-163
-52,-188
101,-180
-44,-111
92,-288
-57,-76
-22,-124
48,-116
-68,-33
26,-169
25,-162
-192,-42
-8,-162
77,-199
101,-176
-159,17
59,-134
39,-241
95,-239
45,-250
66,-126
-41,-74
-43,-185
-21,-139
-183,-48
21,-193
-62,-162
-269,91
59,-129
-60,-153
-27,-112
-10,-103
-6,7
70,-243
-29,-102
-143,-35
-27,-61
29,-222
70,-236
92,-285
18,-167
-125,-17
37,-116
73,-180
-21,-177
-38,-86
-70,-154
11,-127
90,-182
-33,-71
14,-188
-35,-129
59,-139
48,-257
-66,-38
-1,-59
-13,-155
35,-261
-289,90
-23,-109
89,-171
81,-229
-12,-99
15,-181
82,-271
-109,-21
18,-1
-20,-112
-14,-58
19,-40
73,-261
-34,-131
74,-138
50,-129
-277,86
-52,-99
82,-277
71,-265
62,-261
51,-281
81,-277
80,-265
-248,37
-26,-169
-262,73
-10,-117
68,-282
55,-261
23,-127
0,-117
-16,25
26,-134
-41,-86
-281,74
-15,28
-33,-160
-36,-81
95,-244
-18,-178
0,12
-166,-5
42,-131
-22,-110
98,-193
-33,-96
73,-184
-50,-194
21,-150
-9,-146
-56,-99
-75,-29
-13,-57
-27,-80
-32,-87
-123,42
-28,-156
106,-281
-44,-176
-25,-93
15,-1
57,-246
-87,-33
13,-159
2,-204
26,-133
12,-175
13,-144
-35,-81
-31,-134
-40,-92
-26,-116
75,-189
69,-187
31,-128
46,-262
-6,-144
-25,-108
102,-186
61,-244
40,-241
-117,29
-37,-81
23,-26
-14,-78
-23,-127
-17,-100
32,-225
-243,69
-283,93
14,-151
-68,-159
14,-207
-34,-68
35,-263
88,-285
-272,52
16,-197
-126,62
-42,-89
27,-196
-86,-15
-26,-164
22,-155
-10,-110
-31,-64
14,-38
100,-256
86,-271
32,-241
78,-275
-41,-160
31,-119
78,-265
-23,-162
22,-160
69,-260
-19,29
-30,-156
-39,-102
30,-128
-156,-28
-20,-86
-15,-86
-5,10
2,-134
18,-33
-28,-92
-59,-169
16,-136
-56,-101
17,-155
9,-176
-16,-129
-1,11
32,-207
54,-254
31,-155
-156,25
-3,-144
16,-37
85,-289
6,-156
-226,32
-36,-121
13,-174
33,-231
-25,-99
-6,-162
-56,-186
-33,-87
43,-247
9,-147
81,-257
-80,-26
-29,-75
-163,-6
0,-190
87,-197
74,-273
86,-196
72,-242
-6,-164
-26,-163
13,-28
-34,-143
-62,-24
-11,-57
62,-258
5,-48
36,-117
-26,-166
13,-136
52,-280
-10,-111
-21,-117
-46,-149
-161,-58
-174,-14
-14,-162
61,-264
-53,-166
-29,-148
53,-249
-24,-163
67,-208
-19,-166
36,-247
81,-267
-52,-149
43,-243
88,-196
25,-117
32,-251
94,-186
6,-164
-259,101
-124,-1
-141,-25
-58,-169
106,-221
91,-226
41,-270
69,-211
74,-174
83,-198
-24,24
-27,-116
62,-156
9,-212
-38,-162
-40,-81
-1,25
25,-39
-28,-110
-12,-132
48,-117
-203,72
-8,-176
8,-3
26,-6
93,-249
-4,-116
-27,-161
-115,37
48,-281
73,-209
-144,59
99,-296
-24,-172
-21,-171
96,-180
23,-216
7,-179
94,-195
73,-204
-142,-25
-35,-70
-10,-176
75,-197
-19,-167
74,-177
-33,-145
17,-175
17,-213
81,-276
-37,-135
-27,-104
-23,-105
91,-282
-3,-114
-205,72
-4,-143
85,-277
42,-254
91,-271
-2,4
17,2
-28,-107
13,-164
73,-207
81,-199
-22,-101
-52,-100
-165,-11
-133,-31
-9,-176
-29,-143
-70,-148
-116,-24
-8,-61
-9,-99
-59,-161
-60,-166
29,-180
28,-36
73,-132
27,-207
11,-189
6,-155
-121,-34
69,-243
-172,28
-207,19
54,-260
-33,-77
72,-141
-24,-148
-18,-135
-11,-101
-6,-163
-25,-74
-3,-140
-19,-128
-8,-108
-68,-148
-33,-137
-13,-62
20,-131
1,-53
47,-139
22,-183
40,-138
-25,-123
2,-195
18,-150
-9,-152
-21,-103
-40,-107
-13,-63
30,-194
-63,-5
-35,-107
63,-253
-277,74
-25,-133
20,-207
-117,-10
-59,-186
69,-186
10,-189
-155,-70
24,-15
-41,-159
30,-33
-38,-151
-30,-98
-23,-165
26,-207
-41,-77
-15,-164
-23,-126
31,-195
-107,-25
84,-266
105,-231
89,-196
-14,-72
48,-110
12,-162
67,-210
-4,-154
45,-240
73,-273
-167,-1
-116,-25
13,-156
-10,-119
-20,-161
47,-128
28,-25
26,-135
-29,-97
-36,-160
-49,-141
-187,0
2,-3
7,-142
74,-263
-18,-185
81,-252
96,-193
8,-141
25,-167
39,-258
25,-164
-19,-173
85,-266
85,-197
-17,-164
31,-118
-19,-102
27,-243
-26,-100
-119,-6
12,-127
-89,-32
77,-281
-32,-132
-42,-125
3,-72
-109,-12
-19,-185
-34,-175
-29,-104
-34,19
22,-35
7,-133
-117,-19
-17,-104
-33,-164
-19,-116
61,-246
15,-31
10,-150
-16,-172
-16,-85
-183,22
-146,-33
38,-251
54,-256
95,-246
15,-162
76,-261
-27,-89
42,-255
-144,-35
-194,29
-28,-128
45,-243
2,11
0,-188
-29,-108
-37,-67
-25,-116
27,-11
-32,-156
-21,-164
99,-293
76,-263
45,-242
-26,12
90,-180
22,-159
33,-130
24,-194
-70,-155
-149,-49
39,-123
-50,-81
-148,11
33,-5
0,-59
-27,-102
91,-180
14,-128
48,-140
-43,-103
69,-192
-33,-75
79,-164
43,-258
34,-232
-85,-13
-29,-99
-5,-116
48,-141
-5,7
29,-126
40,-128
94,-259
59,-152
-40,30
-60,-165
35,-262
-155,-17
102,-189
-107,-31
62,-243
73,-265
41,-248
2,-189
25,-11
-29,20
-1,-113
54,-146
15,-27
4,-10
62,-150
-95,-33
-10,-161
-285,80
1,-168
-15,-65
-161,-59
29,-123
4,-165
-78,-35
-60,-180
83,-189
-56,-139
-17,-163
-179,-9
59,-128
28,-148
3,-74
-34,-164
-32,-78
43,-127
32,-223
-33,-95
-22,22
-163,-11
-4,-156
91,-176
-137,-31
-89,-41
94,-298
-20,-64
-1,-191
-21,-147
-12,-57
-19,-100
-3,10
102,-188
-46,-162
32,-254
-110,-9
45,-140
-143,-4
10,-7
-76,-5
-7,-114
-12,-162
7,-195
-14,-120
20,-34
-27,-97
94,-226
-11,-156
-37,-107
21,-191
-63,-152
-32,-68
97,-184
23,-125
39,-140
-31,-160
28,-173
-15,-173
-37,-78
-19,-117
-7,-154
-95,-29
17,-210
-154,-70
3,-213
36,-254
14,-184
-32,-84
98,-175
-11,-179
-22,-109
-2,11
-30,-75
17,-163
21,-36
78,-264
58,-243
-167,-60
36,-249
-3,-57
-279,45
59,-243
5,-147
-44,-106
-21,-61
76,-264
91,-273
-251,38
-107,-50
-34,-126
79,-197
50,-246
-19,-160
-140,45
71,-281
-33,-74
-118,59
13,-211
-10,-164
92,-276
-18,-162
-26,-87
-24,-115
-3,6
-101,-54
15,-152
-33,-80
-14,-133
12,-144
29,-117
31,-132
-9,-78
-147,3
69,-193
-26,-134
-103,-32
71,-132
-271,79
-12,-104
-1,-180
-178,13
68,-271
81,-251
-177,-15
-40,-188
-13,-164
-40,-87
32,-208
67,-142
-169,-11
71,-268
64,-126
-107,-38
-62,-164
58,-246
-27,-131
90,-191
-111,-28
-13,-171
-86,-20
-9,-145
14,-28
-11,-169
32,-227
43,-128
-199,2
73,-214
-111,-27
-10,-167
15,-163
86,-259
-141,68
0,-191
94,-184
30,-122
-35,-146
47,-251
50,-139
73,-160
107,-280
32,-204
31,-148
42,-251
-267,44
-8,-113
72,-240
-19,-91
-252,53
1,-119
-32,-82
-27,-92
-55,-76
52,-259
12,0
-156,-31
88,-189
-40,-186
-2,-112
97,-259
95,-234
59,-253
-2,12
101,-231
73,-202
-70,-156
-54,-73
-18,-117
90,-177
-62,-8
-176,11
-44,-76
-22,-162
1,-112
106,-229
-13,-78
10,-142
45,-241
-36,30
10,-149
-138,-30
3,-5
67,-199
23,-22
11,-25
-16,-130
-23,-134
-29,-61
-14,-179
59,-261
38,-248
-14,-85
8,-217
11,-131
86,-257
-38,-91
1,-66
-17,-99
37,-113
-19,-175
32,-226
51,-261
71,-267
-9,-179
46,-143
18,-162
-249,28
-161,-64
-38,-69
12,-145
-44,-135
44,-258
85,-278
-8,-117
83,-194
-28,-109
-94,-33
3,-138
-11,-161
-25,-72
-119,57
-30,-89
-36,-113
60,-126
42,-123
27,-156
-148,-26
-40,-85
22,-181
1,-180
-35,-147
-31,-113
27,-32
91,-272
-34,-129
-9,-111
-43,-176
-64,-161
105,-278
-135,-17
26,-23
-29,-90
74,-173
56,-253
-263,75
-164,-62
4,-189
21,-189
44,-265
16,0
18,-21
64,-140
3,-128
31,-122
-35,-74
15,-208
-11,-126
-25,-104
2,-62
-128,40
34,-117
24,-147
14,-131
-32,14
-99,-29
49,-139
72,-273
20,-130
6,-8
27,-246
11,-27
-133,67
-20,-175
-46,-191
-4,3
4,-172
-18,-96
-21,-158
75,-270
-207,8
-34,-78
-21,-178
-3,-168
88,-179
13,-148
-53,-73
80,-180
-34,-168
-19,-107
15,-149
-60,-183
74,-279
-243,61
-21,-115
21,-152
54,-125
-39,-85
5,-217
5,-189
-40,-129
8,-5
81,-269
80,-281
57,-146
-118,-22
-49,-73
-30,-163
72,-265
67,-141
23,-221
-9,-112
34,-180
81,-184
-11,-155
80,-286
2,-2
-32,-137
88,-226
-7,-113
-110,-50
17,-212
-1,16
103,-231
-15,-145
72,-263
86,-258
-24,-99
-41,-102
-35,-160
92,-284
66,-251
6,-154
62,-251
6,-125
-41,-157
-169,33
-27,-111
58,-128
15,-164
11,-133
36,-251
-6,-104
-42,-123
7,-115
21,-153
-145,54
84,-189
-105,-26
-62,-163
46,-251
73,-262
90,-178
-34,-100
-22,-129
15,2
-62,-152
61,-126
4,-168
106,-224
-246,44
-12,-172
-58,-167
-32,10
-31,-80
-30,-168
-73,-25
75,-268
23,-215
-23,-158
-139,-3
30,-40
18,-156
42,-128
-32,11
-34,-170
-35,-169
-16,-166
23,-128
88,-194
82,-199
74,-199
-42,-194
-38,-87
-2,27
-26,-94
76,-229
-23,-148
36,-107
39,-250
-43,-92
-104,-23
7,-116
4,29
25,-160
-40,-162
88,-191
-25,-138
-26,-88
48,-113
57,-243
10,-136
-2,-65
10,-43
-168,-19
59,-147
37,-131
-185,-48
-25,-161
-25,-171
35,-129
71,-211
-39,10
-5,-115
48,-133
75,-261
97,-278
3,-69
85,-282
68,-260
-46,-86
7,-117
48,-109
-40,-80
-11,-81
-12,-166
-37,-165
59,-135
81,-265
90,-188
35,-268
34,-107
-12,-168
-34,-169
-30,-135
88,-182
88,-298
-70,-34
-8,-179
6,-152
-50,-112
3,-209
23,-156
12,-197
102,-226
100,-231
34,-236
-41,-156
53,-141
-15,-175
-28,-63
-46,-176
-258,49
-28,-108
-21,-85
-1,2
-30,-108
14,-29
-20,-160
-14,-166
54,-140
0,-193
-62,-34
3,-7
-12,-169
34,-234
46,-139
-119,1
-42,-128
87,-253
61,-251
76,-272
5,-129
-55,-141
-30,-160
-7,-116
-151,9
78,-260
-9,-147
34,-235
52,-274
-78,-32
71,-243
28,-15
-10,-177
-39,30
-57,-170
-7,-108
56,-260
60,-260
27,-248
-134,-33
-28,-103
-1,-167
12,-28
-153,-9
10,-3
-9,-106
-34,-121
62,-267
-3,-63
17,-158
72,-270
-48,-193
35,-251
-6,5
98,-179
-23,-159
78,-164
35,-260
-151,16
62,-123
-1,-115
-51,-162
-226,94
80,-160
90,-171
42,-258
15,-23
40,-239
-37,-74
-6,-61
96,-253
78,-268
88,-190
-25,-169
-33,-86
58,-260
9,-136
-33,-100
80,-193
-38,-135
24,-173
23,-196
26,-136
-1,-182
-169,-32
33,-117
63,-236
-40,-78
-31,-169
23,-217
15,-148
-7,-160
-27,-72
19,-196
53,-126
-131,-27
75,-284
-25,-143
7,-137
-20,-120
-10,-175
-52,-101
-43,-195
21,-162
-5,-117
86,-270
12,-205
-21,-140
-141,-30
-90,-35
-12,-103
18,-135
-250,45
106,-230
-60,-184
-11,-145
-46,-185
-15,-129
11,-195
29,-19
-14,-64
80,-262
45,-280
92,-196
88,-173
-21,-63
-154,-2
-147,6
37,-110
-99,-50
-17,-135
59,-148
-28,-161
-23,-117
-148,20
-17,-129
28,-19
75,-278
95,-240
-143,5
16,-1
-152,-1
-28,-95
13,-141
-143,-21
-36,28
94,-193
10,-157
-49,-100
-10,-171
-27,-135
-43,-76
-36,-88
73,-227
95,-298
20,-148
-21,-92
-25,-142
16,-198
-54,-99
-19,-169
-55,-101
-57,-186
32,-229
36,-122
-29,-109
-30,-112
62,-132
50,-123
10,-180
24,-175
101,-226
4,-7
80,-177
9,-123
52,-141
90,-249
-137,-25
-137,3
9,-207
-36,-60
-5,-121
-159,-26
-3,-111
-3,-154
-74,-33
-132,31
43,-246
-16,-75
-78,-15
89,-253
-42,-82
-13,-158
73,-221
13,-140
88,-176
96,-184
12,-153
-19,-165
80,-190
0,1
69,-263
-14,-98
-225,32
-6,-110
-181,0
74,-166
54,-119
-32,-106
45,-255
-38,13
-35,-100
-6,-111
-59,-75
61,-247
-25,-178
-3,-139
28,-241
104,-278
73,-223
20,-160
-106,-9
-11,-167
-23,-133
67,-127
62,-152
-64,-31
-18,-164
16,-205
62,-155
95,-278
29,-169
-242,43
-38,-84
29,-127
82,-266
42,-250
23,-120
102,-191
13,-189
5,-134
-122,32
50,-130
99,-297
91,-266
61,-249
91,-253
-278,99
43,-245
86,-275
-6,-119
-10,-70
-265,70
-114,-6
10,-151
-37,-105
-7,10
3,-67
-135,-19
28,-4
-2,3
-271,72
72,-238
1,-9
-60,-159
48,-256
-4,-179
48,-129
-199,12
3,-135
27,-6
97,-183
-36,-166
32,-169
12,-156
-23,-99
24,-196
10,-166
0,-185
-6,-105
-147,9
33,-10
-8,-60
11,-148
-60,-146
-42,-192
36,-131
14,-144
69,-141
12,-130
2,-150
-282,68
-4,5
7,-184
-50,-78
-7,-158
-9,-116
76,-177
-18,-163
-34,-127
52,-119
73,-228
29,-41
-188,94
-123,5
34,-169
84,-249
-117,59
-65,-14
35,-122
-22,-163
-10,-64
19,-175
6,-7
51,-141
-120,7
65,-254
-24,15
9,-6
2,-50
-72,-40
-10,-163
93,-281
-44,11
52,-260
95,-241
-41,-78
-32,-99
-160,-27
-35,-90
73,-205
-46,-88
-126,-28
52,-126
-22,-171
-180,20
-1,-53
-132,11
-15,-78
-60,-156
-16,-171
-24,-158
77,-177
62,-159
3,-195
33,-108
-30,-123
-141,45
87,-298
23,-126
-72,-27
93,-279
72,-207
-56,-140
-52,-190
21,-157
-236,64
-265,78
22,-39
51,-146
57,-261
-21,-166
45,-253
24,-117
-16,30
11,-38
14,-35
-52,-193
-152,-9
92,-171
-150,-70
-8,-122
34,-242
-25,-156
-12,-112
-277,83
77,-278
1,-117
-35,-138
29,-194
13,-177
86,-269
36,-250
99,-176
74,-172
-49,-102
5,-148
1,-135
-23,-179
-6,-173
-9,-63
67,-129
-4,-64
20,-35
-33,-121
5,-125
-160,-35
-24,-104
13,-29
-4,6
-273,81
-150,-35
78,-271
-165,-26
-7,-117
80,-260
-3,-121
-1,-183
29,-202
22,-182
-35,14
-110,-4
-82,-32
28,-149
-32,-164
68,-281
10,-168
0,-120
-6,-170
67,-135
99,-180
72,-210
32,-203
-2,-114
-14,-145
13,-162
44,-264
61,-263
69,-185
-10,-118
63,-260
-7,-157
31,-115
-5,-113
52,-266
35,-179
-31,-71
-32,-142
66,-261
-164,-29
61,-239
-44,-100
80,-285
-2,-59
41,-250
-31,-146
-27,-113
76,-199
-173,11
-18,-92
-20,-145
-267,62
104,-223
5,-143
21,-161
78,-160
-13,-64
-25,-67
-14,-174
-40,-135
67,-143
-26,-109
-37,18
-270,86
32,-228
45,-275
-142,51
86,-286
6,-148
-11,-104
36,-241
-5,-156
-23,-65
10,-39
-98,-30
-37,-129
36,-270
32,-131
-6,-154
-289,84
22,-161
-18,-120
91,-262
27,-28
6,-47
-16,-155
-26,-95
50,-141
-65,-18
-31,-103
23,-123
15,-158
-87,-26
16,-180
10,-126
21,-190
-251,35
87,-285
90,-285
-35,-151
8,-123
-31,15
-22,-81
-23,-160
-9,-105
-6,-114
-63,-13
98,-181
-22,-104
98,-184
-133,11
-1,0
15,-30
-34,-153
9,-4
1,-59
38,-147
25,-165
-28,-85
28,-209
-6,-60
28,-202
79,-184
-7,-121
-17,-94
97,-180
45,-259
-34,-125
-27,-115
-3,-55
61,-146
-117,-28
-48,-84
-157,-7
77,-265
-7,-103
45,-278
86,-282
30,-249
-12,-155
56,-258
-23,-112
-42,-127
15,-175
4,-137
16,-203
69,-196
-13,-115
-22,-85
11,-134
-32,-100
95,-253
-24,-123
28,-174
-44,-112
-50,-73
16,-162
-21,-143
5,-112
-55,-146
-115,-23
23,-214
-5,-114
24,-174
-59,-30
-50,-106
20,-181
59,-117
99,-282
-8,-167
21,-185
25,-23
-126,55
-1,-186
-15,-179
-10,-98
-259,46
-162,15
13,-143
-60,-181
84,-260
6,-9
-9,-114
-268,75
-48,-183
-10,-178
59,-151
-12,-131
3,-189
43,-140
-2,-116
-33,-142
15,-176
80,-191
-32,-114
-25,-94
37,-270
-11,5
43,-270
12,-27
76,-269
2,-197
97,-298
-162,18
-63,2
51,-126
-18,-129
92,-253
5,0
47,-141
40,-270
-33,-103
74,-169
64,-236
67,-160
-175,19
26,-15
15,-209
80,-186
96,-259
28,-26
73,-263
-168,-3
-50,-141
10,-27
17,-181
102,-177
-33,-105
-23,-124
-5,1
21,-33
-239,95
-169,1
-34,-130
49,-261
-214,73
-9,-103
8,-139
-7,-161
-85,-32
-12,-129
12,-204
77,-229
-27,-100
7,-113
-29,-110
72,-262
17,-215
-114,50
68,-278
70,-197
-40,-190
-33,-134
50,-128
-34,-114
15,-147
-99,-49
-26,-99
-103,-27
-269,81
56,-246
-22,-176
-251,45
-38,-105
-26,-106
25,-207
38,-131
7,-47
-11,-83
-145,-35
44,-237
7,-177
-99,-17
41,-131
-16,-65
-208,3
81,-264
-157,15
-11,-63
96,-231
51,-246
33,-255
-33,-129
-99,-24
-8,-170
-22,-128
19,-131
-35,-105
-42,-126
60,-246
-126,65
-42,-102
26,-138
-12,-108
19,-167
-35,-103
-156,2
79,-189
64,-266
6,-165
-183,-49
-45,-139
-8,-171
65,-126
-31,-142
76,-278
23,-24
2,-64
13,-33
0,-170
45,-141
-49,-183
50,-131
6,-3
10,-160
-70,-150
-6,-172
52,-278
-61,-152
-34,-148
-19,-164
87,-179
23,-171
7,-207
78,-274
37,-246
-60,-168
-18,-124
18,-158
11,-135
59,-146
-24,-116
-261,61
-172,74
-180,93
-6,-118
7,-174
-51,-76
11,-132
-1,-66
2,-142
70,-260
89,-285
-289,99
6,-151
-16,-68
3,0
-17,-168
64,-243
-260,59
61,-250
21,-37
-108,-7
84,-278
-23,-86
33,-122
73,-182
1,-5
50,-109
-3,-169
74,-165
-35,-167
73,-183
-28,-117
67,-260
27,-23
-15,-159
6,-195
-108,-29
59,-133
-1,-185
24,-22
-38,-90
-21,-182
75,-229
5,-212
2,-199
-27,-143
28,-5
47,-261
93,-184
-292,86
-37,-161
-17,-86
-90,-34
20,-196
24,-222
5,-128
-47,-84
-27,-78
-174,-19
98,-182
3,-4
72,-271
83,-186
-13,-145
-3,5
-21,-95
92,-283
19,-31
48,-143
30,-4
-24,-94
64,-261
74,-167
15,-159
-9,-104
13,-157
26,-32
-159,-19
-14,-75
73,-219
-2,-76
-245,44
-12,-111
80,-189
23,-4
-22,-118
14,-33
80,-164
-12,-101
-105,-43
23,-180
9,-3
73,-187
-173,-16
-32,-80
-15,-104
12,-180
-252,48
5,-150
-10,-155
-3,-66
-3,-54
-11,-82
20,-157
-208,73
93,-253
-103,-37
45,-239
-20,-91
-162,-24
-35,19
-1,-120
-131,11
22,-22
97,-254
-167,-14
15,-156
-27,-130
-17,-185
-44,-88
-51,-149
41,-244
-27,-163
-95,-28
-127,-34
-126,10
27,-205
38,-255
30,-37
-24,-162
36,-255
-17,-155
-102,-32
-29,-113
56,-125
56,-127
2,-1
1,-4
-79,-33
-67,-152
-64,-152
-265,61
-19,-135
-31,-108
-29,-120
50,-127
22,-145
-148,-35
86,-177
-32,-71
-63,-24
25,-157
-32,-121
-8,-165
69,-189
-19,-114
52,-271
77,-189
-27,-94
-156,15
-262,35
76,-260
-30,-134
98,-259
17,-130
-27,-174
35,-147
23,-147
-15,-69
91,-275
-44,-107
0,26
74,-262
-135,-2
-102,-21
13,-161
2,-202
52,-275
19,-162
62,-148
-46,-75
11,-180
-36,-100
1,-142
24,-172
-20,-164
38,-241
24,-25
-14,-172
10,-153
-8,0
-46,-141
28,-175
20,-158
-47,-100
-162,-9
15,-34
-16,-181
33,-131
-32,-102
24,-211
10,-25
27,-39
50,-133
-17,-98
16,-175
18,-132
-10,-77
-154,-41
-34,-171
-28,-127
-22,-92
44,-251
30,-202
3,-73
57,-125
-65,-31
42,-237
3,-131
10,-147
-116,-27
-236,36
90,-282
-14,-129
43,-130
7,-2
-2,-156
-11,-127
41,-255
-29,-59
2,-156
69,-197
58,-261
88,-195
-15,-67
-158,6
-28,-59
-68,-150
67,-265
-19,-170
-145,-13
76,-268
-110,-44
-173,-21
-72,-59
-31,-63
-21,-184
86,-254
-265,68
87,-282
33,-129
71,-184
20,-175
-119,51
-16,-164
24,-181
-7,-176
-22,-148
-115,-28
-192,21
-39,-135
-151,-68
-44,-87
26,-139
-76,-44
61,-237
26,-39
65,-132
76,-197
-192,69
90,-184
70,-270
43,-240
16,-201
-20,-185
3,-2
71,-270
-93,-25
67,-148
80,-188
-19,-97
-12,-117
31,-222
-27,-148
-8,-119
-41,-73
-28,-115
-81,-11
-76,2
-27,-133
12,-199
37,-251
-38,-79
-8,-163
52,-270
74,-278
10,-159
-8,-168
-16,-98
5,-4
81,-258
-68,-160
38,-239
71,-263
-16,-122
14,1
75,-262
6,-212
-50,-111
-94,-34
17,-2
-125,-22
30,-117
-1,-114
3,-155
73,-208
-19,-126
74,-213
-255,40
-50,-109
94,-190
-13,-122
-6,-159
11,-174
14,-165
-10,-165
-19,-101
-14,-68
22,-178
-15,-170
12,-151
-164,-22
-38,-107
-33,-108
80,-287
50,-258
69,-236
8,-140
88,-187
-50,-79
-37,24
-86,-19
8,-138
-9,-148
0,-5
46,-281
80,-185
13,-181
-254,42
75,-199
22,-130
-5,0
99,-193
-45,-176
23,-194
14,-217
101,-278
31,-149
59,-125
-23,-116
-147,-2
-47,-191
6,-163
-139,-25
-3,2
-36,-168
50,-110
13,-31
58,-258
52,-263
-14,-164
-14,-163
-145,-33
68,-211
50,-122
-25,-107
-43,-135
-44,-189
-28,-79
-75,-18
-23,-68
-35,-152
-115,-25
-277,93
-6,-117
2,-212
30,-3
-10,-69
-68,-151
-268,76
-81,-36
-111,-5
-57,-168
-28,-106
-19,-92
11,-211
-43,-89
106,-228
-30,-106
-85,-15
-9,-151
4,-125
-17,-166
-241,33
7,-123
53,-248
13,-127
88,-249
-6,24
91,-289
-14,-59
26,-143
42,-270
102,-178
7,0
-162,-8
-6,-168
-5,-172
-27,-156
2,-163
-85,-28
5,-195
8,-189
1,-136
14,-156
70,-268
3,-207
26,-22
-15,-171
33,-241
-75,-31
-50,-162
-20,-114
-17,-75
49,-119
23,-155
-26,-170
-22,-131
-25,-59
43,-124
62,-253
74,-184
61,-252
-2,-119
79,-160
79,-284
-157,-13
87,-196
-99,-11
5,-133
49,-106
-30,9
22,-158
63,-267
-21,-99
-5,-166
17,-157
-54,-163
-41,-158
-28,-71
-121,31
-32,-94
89,-184
-33,-107
16,-200
72,-197
-35,-148
72,-237
48,-136
-59,-73
-25,23
12,-202
67,-131
35,-107
50,-120
66,-160
-38,-65
-189,6
62,-236
35,-241
40,-251
-15,-177
-45,-191
-59,-167
104,-222
86,-274
-101,-27
6,-137
-61,-21
-39,23
-161,-29
-171,4
-188,14
-33,-135
10,-146
-246,45
-158,15
7,-4
22,-2
72,-241
12,-147
-21,-174
-20,-113
-116,-22
27,-222
-6,-108
17,-136
83,-260
-180,95
-19,-159
17,-196
4,-2
35,-255
-99,-32
74,-134
102,-192
-152,6
-50,-101
-134,-16
-27,-164
-263,73
-43,-100
77,-184
6,-142
30,-38
-170,-8
-5,28
-24,-144
52,-279
88,-174
76,-160
-42,-135
94,-192
6,-4
0,-189
-108,-10
-15,-181
-36,-62
-51,-73
60,-150
-38,27
-38,-63
88,-193
73,-212
14,-141
65,-265
2,-147
-53,-141
-52,-73
-25,-110
-176,94
80,-194
-29,-105
-61,-6
-226,92
-17,-103
-21,-68
-17,-102
76,-267
30,-19
24,-27
-144,8
86,-287
-39,-104
52,-255
9,-31
78,-276
-172,-12
-31,-66
-4,-119
27,-2
83,-193
20,-24
-163,-53
-58,-144
32,-230
-19,-145
15,-157
5,-174
92,-180
1,-195
37,-258
-155,-11
7,-180
-290,86
31,1
66,-260
-30,-59
1,-1
44,-246
-114,-10
80,-274
-116,-2
61,-240
28,-153
72,-268
12,-29
21,-187
-48,-141
-23,-92
-33,-61
-45,-185
18,-157
70,-132
-4,-122
10,-170
25,-6
-15,-120
69,-248
-16,-161
29,-249
-35,-149
-17,-171
34,-131
-62,-166
-4,-110
57,-119
-8,-63
97,-231
4,-195
-119,31
33,-113
86,-291
62,-157
-61,-30
-13,-85
-53,-161
-125,9
68,-265
40,-246
23,-121
-15,-70
-15,-166
81,-163
53,-244
-213,17
-107,-18
95,-248
-6,-165
3,-208
26,-142
35,-250
-39,-121
-77,-10
-66,1
-25,-71
7,-3
11,-149
30,-241
4,-166
89,-226
-156,28
-27,-129
-251,68
-60,-155
81,-275
95,-233
-3,24
44,-263
53,-251
40,-253
20,-40
43,-129
22,-176
-29,12
-44,-149
-76,-51
61,-254
67,-138
4,-171
-60,-163
53,-119
14,-174
-45,-84
84,-229
-8,-169
74,-178
-2,5
-27,-73
19,-156
-37,25
-9,2
13,-151
12,-132
0,-135
31,-1
-97,-26
69,-195
77,-271
-156,18
1,-189
16,-23
-184,94
-23,-129
-65,-2
-21,-138
-29,-91
21,-145
10,-172
99,-291
-260,68
-48,-190
3,-129
2,-9
-60,-185
-11,26
103,-278
-28,12
-1,-194
0,31
18,-131
80,-273
35,-231
-125,23
-34,-173
33,-147
95,-259
-42,-104
-23,-128
-15,-176
0,-142
-271,78
-16,-145
90,-181
35,-248
24,-207
-89,-16
67,-206
-35,-134
-31,-123
73,-226
46,-141
-15,-174
-13,-75
90,-179
73,-141
51,-259
19,-181
-15,-75
13,-163
73,-216
-22,-121
-191,83
-24,-135
-41,-153
-279,68
-106,-22
-163,0
31,-202
4,-180
-20,-110
82,-282
17,-33
18,-35
15,-38
72,-199
-36,-111
-39,-70
-55,-161
34,-245
22,-36
76,-281
-41,-121
-11,-124
-115,-4
77,-197
-16,-163
28,-11
-17,-158
-32,-162
73,-210
80,-282
61,-265
24,-28
4,-150
26,-156
-10,-122
14,-145
-45,-154
-27,-110
-38,-93
-65,-161
81,-177
-45,-155
4,-167
-20,-109
-32,-107
-30,-140
-30,-133
26,-144
54,-145
-117,-7
103,-281
-28,24
70,-211
-106,-29
-164,-33
-197,73
46,-128
-1,-142
-122,-8
9,-125
53,-252
0,-150
45,-142
-27,-63
69,-132
-105,-38
43,-252
-49,-195
99,-284
25,-147
-32,-83
-39,-84
-5,-111
77,-263
56,-128
-26,-159
83,-229
24,-156
-104,-32
48,-139
-112,-9
101,-258
-27,-95
23,-122
-50,-105
-13,-120
52,-256
-27,13
-186,102
100,-281
20,0
-105,-10
16,-207
31,-117
-15,-184
-22,-126
3,-211
-4,-111
-55,-3
-11,-159
-18,-166
-143,13
-31,-121
31,-116
42,-248
-3,-137
-6,-157
17,-166
1,14
23,-25
-227,106
23,-157
-265,74
10,3
25,-31
-70,-149
78,-262
86,-294
-2,-111
48,-108
-31,-100
48,-132
12,-176
45,-274
20,-22
32,-180
-13,-162
71,-266
31,-180
59,-123
-2,23
72,-209
50,-124
96,-298
0,7
-175,-57
-18,-65
31,-125
-42,-176
77,-262
-68,-23
-27,-101
78,-177
-44,-185
25,-22
5,-146
74,-277
20,-167
-165,17
-11,-84
85,-229
83,-177
12,-136
3,-68
-40,-72
78,-266
31,-120
-206,27
11,-45
0,-7
57,-253
54,-141
58,-125
-18,-175
-1,-156
35,-267
-28,-133
-24,-175
14,-146
35,-175
-9,-168
48,-253
-19,-95
35,-265
-158,-21
13,-27
-178,-21
-81,-29
-41,-155
0,-163
-56,-76
-132,18
-18,-122
-43,-151
-25,-175
-23,-175
26,-140
3,-137
-12,-72
-33,-146
30,4
72,-239
-26,-162
-41,-101
39,-142
-34,-80
-19,-156
14,-185
-104,-29
-11,-165
95,-193
81,-272
41,-254
-9,-117
16,-35
-12,-120
36,-258
-49,-113
13,-130
1,-169
-57,-138
-1,21
-32,-103
-38,-92
-151,59
58,-130
-26,-105
-1,-184
-141,67
-13,-173
-26,-97
-19,-86
-58,-176
2,28
76,-184
-14,-124
-3,-170
-170,-22
99,-292
14,-136
-42,-85
-68,-149
39,-146
-129,34
55,-119
-17,-120
16,-29
95,-171
34,-8
-21,-62
-47,-149
-33,-62
26,-37
-22,-99
56,-124
-184,7
-48,-113
-249,91
73,-217
83,-185
-11,-121
-51,-101
3,-151
55,-251
-29,-112
25,-1
12,-143
59,-149
95,-242
29,-209
-45,-76
68,-197
-72,-12
-103,-43
58,-127
-14,24
3,-3
10,-125
-38,-81
-57,-172
59,-121
-13,-130
-3,-163
-9,-169
-9,-108
-42,-84
58,-251
-20,-157
31,-241
20,-164
-6,-63
61,-243
23,-181
-40,-121
-33,-94
0,-76
-18,-95
-15,-178
42,-246
0,16
-38,-64
14,-182
28,-151
-29,-133
-20,-159
-7,-166
-53,0
-42,-149
80,-192
-37,-66
61,-266
-33,-109
-161,-26
88,-183
-18,-107
-150,28
29,-156
100,-193
-50,-149
-3,-167
-16,-120
-32,-145
11,-151
-3,-119
0,8
25,-181
90,-277
83,-191
-11,-64
-15,-130
-24,23
-123,-26
52,-257
28,-150
10,-40
-21,-146
38,-128
76,-189
44,-262
15,-130
-23,-166
15,-151
-35,-150
-175,-23
74,-170
-176,-7
11,-155
-53,-165
-44,-110
-163,-14
12,-31
2,-127
-54,-148
-53,-76
-34,-70
-26,-91
-35,-140
-27,-106
-22,-108
-114,-33
-52,-141
104,-231
79,-277
-101,-55
-40,-104
-114,-8
-113,-27
-12,-175
-22,-125
-24,-165
78,-270
91,-249
49,-143
-35,-121
-34,-137
-17,-88
-30,-111
95,-236
-253,43
69,-247
63,-140
5,-6
-121,-41
-5,-144
59,-258
68,-132
-128,-11
-10,-114
17,-1
92,-226
15,-35
67,-132
-31,-162
-21,-145
19,-22
-30,-139
-50,-100
-17,-105
16,-206
17,-211
-24,-112
-163,-54
-18,-98
53,-247
-103,-26
-12,-122
-10,-107
-116,-30
8,-29
-92,-42
-259,53
27,-208
-10,-57
-19,-172
-169,-9
-40,-82
11,-138
28,-249
39,-270
65,-140
-212,17
95,-184
-11,-114
9,-146
20,-149
67,-133
83,-190
-35,-60
-2,-66
-60,-179
-204,16
73,-197
-47,-189
-42,-92
-19,-110
8,-176
107,-279
52,-277
-22,-119
98,-177
-136,-35
18,-196
7,-147
-272,91
-163,-18
-19,-90
55,-246
-24,-66
-212,7
-105,-32
24,-37
-58,-140
-135,-35
-12,-167
-173,35
68,-236
-240,34
72,-281
-26,-59
-46,-189
-69,-147
-114,-4
-81,-37
-25,-91
-27,-74
-177,-10
-166,-18
86,-255
-37,-162
8,-212
27,-38
21,-175
27,-35
-9,-155
22,-196
67,-140
72,-132
27,-210
21,-21
48,-114
-44,-90
-17,-122
-31,-65
-28,-134
-3,-142
78,-229
-25,-92
68,-268
-70,-152
-4,-63
5,-123
-46,-85
37,-237
7,-148
86,-228
-31,-98
-62,-21
-154,15
37,-241
-7,-168
-11,-120
-17,-169
17,-152
24,-130
73,-260
93,-193
66,-243
-51,-196
-108,-28
0,-180
102,-187
25,-16
52,-253
-24,-109
9,-26
-298,91
-35,-136
-84,-32
-1,-170
52,-139
-12,-171
-114,-12
-23,-87
-41,-176
-8,-159
-6,-106
-21,-102
-190,-42
-281,75
-182,-15
95,-245
-141,-35
102,-281
2,-203
-19,-94
26,-11
31,3
-177,80
-58,-186
-32,-123
86,-267
95,-176
-171,-57
37,-112
-27,-167
76,-284
-40,-187
3,-9
-57,-174
-13,-167
93,-277
73,-206
44,-260
-20,-89
-36,22
-50,-184
98,-172
-253,89
-162,17
-25,-80
74,-261
-19,-120
45,-277
3,-149
98,-173
27,-15
86,-295
12,-207
-42,-185
1,-6
-11,-171
62,-153
52,-268
-52,-162
44,-270
50,-118
25,-29
39,-248
-6,-175
84,-289
-140,74
-21,-181
12,-198
-42,-76
50,-117
79,-265
102,-179
69,-194
-15,-168
0,-112
-24,-61
-33,-78
-23,-156
-103,-10
-86,-38
9,1
-178,-25
50,-113
59,-150
14,-211
39,-131
-29,-107
-14,-171
6,-174
-13,-160
-166,74
-50,-192
-1,-116
-14,-167
-14,-160
-184,-60
-263,70
-18,-165
-12,-102
8,-146
-17,-128
47,-281
-50,-99
5,-137
-33,-98
-31,25
-37,-60
18,-175
67,-201
-8,-110
-49,2
4,-4
-26,-161
-136,50
106,-227
88,-185
33,-112
-21,-141
82,-278
83,-188
-11,-102
99,-278
-18,-89
1,0
27,-206
-257,81
-186,73
87,-289
-9,-149
-9,-119
70,-263
-260,70
-5,-63
104,-224
83,-277
83,-266
3,-141
97,-176
48,-138
72,-261
-9,-167
-141,-48
45,-246
-212,2
-84,-38
26,-3
-253,32
14,-162
73,-186
-20,-166
-149,-33
63,-243
-129,-35
-45,-157
-14,-173
-38,-129
61,-256
54,-258
-100,-49
81,-262
-17,-78
8,-4
-19,-157
6,-153
-9,-163
-22,18
-37,-63
-68,-16
-42,-122
7,-181
-9,-162
-9,-171
-26,-101
7,-146
90,-187
10,-2
-1,-163
-6,-107
-32,-89
59,-118
6,-157
-261,68
-24,-133
-172,-18
-48,-191
-25,-117
3,-139
-26,-89
71,-160
9,-151
83,-272
44,-266
-34,-147
67,-243
-29,-93
-156,30
80,-271
-11,-117
-24,-161
27,-194
-20,-165
-174,98
-29,16
-41,-92
-32,-104
-48,-149
78,-281
-20,-68
12,-26
29,-11
80,-183
-28,-143
34,-237
-53,-167
12,-203
91,-267
-27,-166
-109,-23
-34,-81
51,-119
25,-37
-114,-1
54,-126
6,-159
-29,-79
43,-251
41,-123
-163,25
0,-195
-138,48
79,-199
95,-237
-43,-85
78,-197
-38,29
2,-6
-123,29
72,-260
-100,-36
-22,-116
30,-180
-17,-127
15,-178
-30,-94
-54,-147
48,-134
91,-268
-1,-135
30,-36
-65,-152
91,-264
-34,-133
-17,-177
-39,-83
64,-253
-30,-115
-38,-80
95,-235
30,-169
-44,-195
-4,10
-7,-119
67,-202
-3,-123
-8,-78
-19,-178
-120,-14
-60,-164
-12,-100
10,-169
30,-39
-54,-101
99,-226
81,-273
68,-141
-13,-121
-34,-90
-20,-117
-19,-171
-29,-95
-21,27
-34,-160
2,-66
77,-268
-237,72
-22,-117
99,-289
11,-162
-53,-99
-93,-23
-4,-118
-105,-39
69,-246
-182,-60
72,-201
-40,-73
-37,-64
77,-160
28,-152
-13,-72
-3,0
-63,-7
-52,-189
27,-202
-97,-18
-139,-56
-23,-91
102,-231
48,-107
-2,-147
-4,-113
67,-203
-50,-80
5,-131
12,-137
-24,-169
18,-38
11,-177
18,-37
-27,-170
28,3
-50,-104
-6,-120
26,-141
-177,-39
61,-242
-35,-176
-184,90
0,-186
-50,-107
-31,-60
-96,-21
-165,-20
4,-112
74,-270
77,-284
0,-192
73,-222
52,-125
48,-135
-105,-24
-10,-159
-41,-79
65,-251
8,-195
-19,-115
55,-125
29,-38
-49,-162
-159,-45
-26,-104
-51,-99
66,-132
41,-128
-14,-165
-45,-159
66,-265
77,-164
13,-165
-164,76
-144,12
80,-182
83,-196
88,-181
-75,-16
-45,-136
81,-289
-22,23
91,-184
-28,-164
82,-249
61,-150
34,-247
27,-21
-9,-153
48,-246
-58,-73
42,-239
15,-33
-166,7
-33,14
80,-277
18,-133
25,-196
-70,-151
9,-132
-4,-65
-30,-114
35,-117
-6,2
-252,61
-13,-174
-43,-149
-28,-80
-171,-12
-26,-175
-8,-166
72,-184
25,-171
-34,-74
-45,-152
82,-260
-10,-170
-16,-104
4,-123
71,-261
-143,-58
67,-261
-54,-76
88,-192
-57,-73
86,-296
-16,-175
-20,-156
86,-249
-30,-100
58,-253
-41,-105
-1,-190
32,-224
-14,-122
-58,-142
-7,-59
71,-264
86,-272
-1,-189
-140,14
-166,-8
-11,-125
-30,-85
35,-170
83,-274
50,-134
48,-130
67,-207
73,-218
70,-261
91,-285
-21,-94
13,-217
-28,-135
-165,-12
-58,-163
73,-188
-45,-153
-89,-20
76,-270
-27,-107
-4,-109
-19,-112
7,-217
-18,-91
-43,-189
-30,-137
14,-140
35,-172
97,-171
105,-281
-19,-163
-9,-57
73,-203
-26,-156
-34,-174
-75,-46
-35,-137
70,-265
-52,-187
-59,-74
62,-149
78,-269
-269,76
-1,-179
-1,-112
5,-132
-18,-68
92,-193
40,-255
-26,-112
-120,-6
4,-169
1,-150
-4,-166
-6,-160
91,-263
-172,-21
-59,-72
43,-254
-33,-162
43,-241
-162,-20
59,-260
-95,-30
74,-140
17,-156
-61,-167
-46,-113
-156,-10
2,-180
-33,-155
26,-157
-10,-172
-9,-107
20,-163
10,-176
-211,10
-27,-169
48,-259
74,-175
-2,10
23,-40
-130,18
85,-177
71,-272
13,-175
-70,-15
-15,-172
90,-196
24,-178
38,-246
91,-171
34,-250
72,-200
5,-180
-19,-65
39,-237
-192,-48
-15,-66
72,-203
-17,-173
5,-11
78,-280
-17,-68
-1,3
-12,-64
22,-147
-15,-71
88,-177
97,-193
-7,-115
-18,-104
52,-264
-25,-101
-172,24
-57,-146
12,-166
88,-180
32,-206
90,-186
10,-124
-57,-100
-24,-63
-43,-84
-60,-24
5,-3
1,-115
75,-164
7,-125
59,-145
39,-139
-55,-73
-171,-26
63,-160
-7,-109
-47,10
-38,-104
23,-207
-87,-20
52,-254
12,-149
34,-241
-107,-30
-10,-168
87,-189
10,-42
27,-203
-3,-56
20,-159
-20,-85
-30,-136
-133,48
69,-245
22,-184
-259,99
-6,-161
-153,-60
48,-137
43,-253
64,-150
-111,48
-284,76
73,-215
74,-229
-30,-95
2,-137
21,-192
-25,-148
79,-278
52,-269
-100,-35
67,-146
-23,-80
-188,80
7,-151
-37,-163
-23,-131
-122,-15
-168,10
88,-277
-25,-135
-48,-100
-15,-155
74,-268
40,-250
-89,-28
-15,-98
-49,-84
12,-201
69,-190
-33,-99
-181,19
62,-151
-209,30
-40,21
-177,76
82,-289
-3,-145
59,-120
-12,-145
33,-109
-179,-15
81,-255
-8,-59
12,-32
-42,-191
-146,-3
-29,-103
-55,-99
3,-163
72,-269
-185,-43
-2,-179
-22,-178
-172,-5
-161,21
0,-118
-39,-105
102,-190
-34,-89
-160,-23
10,-152
19,-207
50,-259
32,-147
-36,-80
-181,88
-152,28
18,-180
16,-204
-118,0
-158,-68
0,-119
24,-171
-15,-68
13,-38
-26,-96
41,-258
-26,-103
-13,-168
-4,1
-26,-102
3,-126
19,-180
44,-248
-168,-34
-146,9
-9,-113
-22,-135
-156,-22
-146,51
-168,-10
93,-280
-9,-154
-19,-161
-27,-165
31,-131
-17,-123
12,-211
-13,-104
-23,-89
0,-187
16,-156
45,-272
-1,-121
13,-30
-35,-94
-14,-104
69,-273
-13,-163
2,-4
-16,-90
11,-176
17,-24
83,-282
93,-196
91,-277
61,-245
80,-278
-12,-61
-149,-35
-28,-148
-18,-158
0,-114
-27,-123
-25,-105
-18,-97
53,-245
-145,67
-30,-116
-16,-158
28,-222
2,-76
-46,-87
59,-126
-48,-194
15,-28
-104,-18
52,-246
61,-258
17,-161
-129,58
-174,12
41,-138
73,-225
-35,-164
-1,-153
9,-217
-269,68
52,-252
8,-137
79,-262
-63,-3
-1,-192
-26,-98
53,-250
88,-188
11,-29
-7,-77
68,-276
-36,-167
-257,86
79,-177
-34,-128
-21,-98
55,-258
22,-170
-22,-127
23,-27
80,-272
-15,-169
-66,-152
17,-214
-40,-77
59,-144
-30,-166
-171,96
-86,-29
-32,-90
25,-35
4,-135
53,-259
73,-181
-9,-110
-73,-33
17,-153
95,-243
-170,-21
18,0
10,-28
98,-180
-60,-154
-4,-117
-57,-173
-76,-58
-53,-164
-30,-141
-169,-3
-19,-125
-32,18
61,-248
-59,-25
-194,-50
-107,-28
-27,-114
-246,47
5,-149
101,-281
74,-139
51,-142
-33,-106
2,-63
-38,-62
-268,81
-77,-33
-23,-169
-36,-135
-27,-75
-5,2
68,-272
-253,61
-103,-19
-36,-112
24,-176
-124,-15
-82,-22
17,-34
4,-147
86,-297
60,-251
23,-218
-24,-166
8,-145
-180,-21
-9,-166
-133,-27
86,-197
94,-180
-15,-163
72,-198
-33,-104
90,-189
-38,-121
-35,-139
2,-61
-37,-100
-32,-101
-37,-176
-12,-68
85,-196
-113,-4
-9,-164
-40,-176
-40,-79
32,-252
-174,-21
-21,-173
100,-278
-23,-66
82,-276
67,-147
-110,-28
-107,-29
-54,-186
-34,-93
-132,59
-42,-151
-236,70
-38,-70
0,-147
75,-184
-44,-109
93,-298
-67,-161
54,-251
57,-258
-282,99
-44,-191
17,-164
-29,-111
43,-125
81,-197
-37,-164
-22,-59
-217,11
75,-160
8,-144
-172,-19
104,-225
-40,-83
-8,-144
94,-249
19,-34
-46,-195
68,-274
31,-127
-47,-162
34,-243
43,-249
81,-282
52,-258
22,-194
69,-261
-48,-192
64,-160
31,-123
-25,-73
-21,-97
-15,-158
60,-258
-34,-60
38,-123
32,-117
106,-222
-25,-173
28,2
10,-173
85,-260
2,-65
-21,-163
-132,66
26,-117
-150,12
64,-132
-20,-90
44,-245
36,-128
72,-160
-41,-161
59,-137
-29,-60
-6,-174
3,-71
10,-41
-46,-84
37,-114
-61,-14
65,-255
-268,77
45,-251
31,-17
88,-172
-12,-115
34,-122
19,0
9,2
102,-278
-23,-123
39,-128
-31,-62
3,-216
-44,-86
71,-141
-22,-112
15,-210
33,-110
-37,-103
88,-178
-1,-2
14,-183
3,31
68,-251
-18,-172
-89,-38
25,-38
80,-184
4,-212
23,-119
94,-253
72,-211
-12,-179
-64,-23
11,-207
12,-148
10,-195
59,-251
13,-160
45,-244
53,-253
13,-138
-42,-83
-94,-26
-19,-68
81,-274
-136,10
-47,-179
-30,-103
23,-39
-29,-156
-148,4
-29,-134
88,-186
-173,-20
6,-147
-4,9
-96,-29
-26,-111
3,-48
-41,-83
-11,-110
-52,-191
-49,-185
-31,-147
-7,-144
52,-272
-49,-101
93,-180
56,-251
-73,-51
26,-181
8,-47
-34,-103
-22,-174
58,-123
3,-212
2,-206
-33,17
-19,-75
31,-151
27,-204
39,-144
64,-260
-35,-135
-160,70
-58,-146
26,-196
-34,-135
17,-29
-2,-53
25,-211
95,-180
27,-40
50,-119
-33,-91
-15,-124
-23,-104
15,-154
4,-127
23,-2
48,-115
11,-44
-52,-163
-15,-85
-47,6
78,-278
6,-1
-31,-85
56,-119
-6,-158
-22,-106
47,-143
-1,-122
14,-175
7,-119
24,-39
91,-298
74,-271
32,-250
-27,12
15,-24
41,-237
-26,-108
26,-211
3,-132
59,-131
-192,88
83,-278
43,-248
17,-216
14,-27
14,-181
-34,-144
9,-142
-30,-109
-25,-162
1,-127
2,-52
19,-35
-92,-23
-36,-70
56,-126
29,-241
-167,-11
-25,-174
69,-191
98,-278
7,-120
-2,-64
21,-148
-6,-116
55,-146
75,-265
-34,-162
-164,-17
-47,-178
-25,-134
-184,75
21,-29
69,-160
-13,-129
-34,-107
-27,-85
-36,-103
-16,-86
-50,-77
-21,-120
-22,-130
-5,-119
1,-123
-21,-162
22,-23
-170,-23
-40,-88
-123,62
76,-265
26,-131
-27,-171
-1,-1
36,-253
-43,-105
-21,17
-14,-65
16,-22
3,-147
-39,-107
70,-184
12,-5
17,-162
37,-238
30,-16
21,-151
-108,37
71,-197
-60,-160
-1,-125
58,-126
-3,-116
-25,-163
-111,-3
-280,78
-20,-99
-23,-125
15,-179
-33,-133
-25,-176
-2,-142
6,-217
-86,-46
7,-182
45,-252
-158,-15
28,-154
99,-283
32,-253
-27,23
-50,-108
-16,-173
-6,-171
-5,3
85,-189
-147,27
60,-132
-36,-146
8,-180
20,-21
-29,-123
-29,-89
39,-141
25,-168
21,-154
53,-256
84,-282
-258,56
73,-179
-37,-121
-27,-108
-13,-68
-12,-80
-108,-30
-30,-107
55,-253
82,-184
-33,-147
-11,-118
-268,72
-66,-161
-251,61
-37,-70
-8,-114
-64,-38
52,-276
98,-174
-32,-86
48,-112
30,-11
10,-217
21,-130
10,-132
-14,-88
-228,106
-24,28
-16,-124
-39,-72
24,-155
12,-2
9,-47
-166,-30
-42,-190
-11,-123
-19,-118
-29,9
86,-292
-9,-150
26,-132
8,-132
-7,-118
-162,-38
-44,-91
38,-270
11,-178
-22,-158
90,-185
-48,-101
-36,-105
-15,-122
41,-251
-41,-75
-10,-105
-17,-119
-255,97
81,-256
-39,-74
4,-207
66,-236
-45,-189
-106,-25
-26,-63
0,-6
-58,-161
11,-1
50,-261
2,-196
-20,-116
-151,12
-163,-37
-10,-145
45,-271
5,-144
-2,-167
-31,-67
34,-9
6,-134
-74,3
45,-128
-180,27
-18,-93
-10,32
-33,-148
-112,-4
20,-162
73,-220
-102,-29
-100,-43
-34,-132
-44,-108
20,-146
73,-201
-30,-165
-26,-75
-40,-151
-33,-154
-25,-109
32,-130
-13,-116
91,-270
-16,-160
-1,-124
75,-281
22,-179
25,-2
28,-117
-205,67
-32,-130
23,-129
61,-123
29,-37
-9,-60
-98,-13
-36,-176
-246,46
-195,4
75,-273
11,-136
16,-199
-24,-60
-64,-14
-58,-143
-6,-166
3,-1
34,-239
95,-183
-20,-178
-41,-103
25,-194
-54,-169
90,-192
54,-255
-29,-114
1,9
93,-176
9,-29
18,-181
25,-222
103,-226
8,-143
-167,-3
-30,-61
-102,-12
-37,-87
27,0
30,-222
-27,-60
-22,-170
-8,-58
1,12
-12,-170
-237,36
-19,-103
-14,-161
-162,-22
101,-257
-45,-160
25,-36
78,-279
-17,-106
-9,-122
61,-241
82,-189
-121,-13
-231,98
16,-33
-24,-117
31,-121
81,-196
4,-1
27,-117
-26,24
-27,-117
23,-212
-17,-85
-34,-142
-23,-115
-43,-191
65,-257
23,-213
-25,-98
106,-226
34,-129
-101,-50
-32,-76
34,-246
7,-124
-28,-75
15,-155
26,-147
9,-148
-189,-46
-175,-15
49,-258
44,-267
56,-146
32,-114
78,-272
7,-114
78,-184
18,1
-21,-175
3,-134
74,-135
-106,-41
-40,-189
1,-118
3,-70
-166,-25
-4,-112
6,-207
-13,-123
-28,-104
16,-28
-34,-88
-13,-157
-50,-193
67,-128
31,-154
47,-259
-31,13
-23,-130
-21,-93
86,-227
-135,-22
81,-250
-30,-164
12,-200
-18,-75
-24,-92
-14,-89
18,-24
92,-184
45,-238
16,-34
7,-183
-31,-107
15,-161
26,0
-9,-172
-31,-75
-4,-171
-58,-145
50,-115
68,-277
94,-185
11,-173
-98,-16
-53,-186
28,-39
-7,-171
-21,-112
70,-281
37,-109
-41,-135
81,-189
45,-262
-34,-146
-169,-6
3,-152
-175,11
78,-263
68,-267
-113,-19
-49,-191
93,-283
-36,-129
48,-255
-19,-96
8,-151
-137,5
92,-249
-20,-111
-150,4
-105,-36
-3,-76
96,-176
-3,3
-12,-156
-25,-164
-139,39
-28,-126
22,-131
-22,-177
-17,-167
80,-275
80,-288
53,-258
61,-261
6,-10
-63,-161
-24,-105
-41,-76
-18,-90
99,-285
105,-220
31,-150
-22,-82
59,-119
-16,-78
-22,-123
-125,58
-4,11
28,-196
98,-298
-25,-90
-29,-115
50,-112
76,-271
-37,-65
-24,-156
-3,-143
-71,-15
-126,58
61,-253
37,-248
39,-145
-39,-81
11,-137
-17,-170
-139,53
-32,-85
54,-144
91,-265
-194,-52
51,-139
91,-269
-35,-78
-13,-98
-11,-163
61,-132
-74,-35
-153,10
-20,-173
52,-273
-57,-163
-41,-106
-52,-161
79,-281
-18,-78
-67,-25
27,-247
35,-259
35,-174
10,-174
23,-219
-54,-161
-24,-101
-47,-181
89,-289
70,-141
6,-160
-84,-42
-14,-61
-136,48
-45,-83
94,-191
80,-178
64,-258
2,-49
28,-169
7,-189
-141,46
2,17
-191,-45
81,-270
-48,-185
-12,-106
-9,-165
50,-111
-18,-145
-128,32
77,-260
19,-159
-45,-149
65,-256
0,0
-38,-176
29,-196
-59,-176
-31,-133
-17,-101
-5,-118
25,-28
-12,-116
40,-131
-25,-158
27,-147
-1,-181
-38,-67
-195,-45
-155,-16
-29,-71
-29,17
-270,37
-36,-74
-38,21
-44,-89
-231,36
40,-237
79,-229
-182,7
-16,-176
-18,-171
-6,-76
-39,-92
-135,-30
-21,-135
6,-189
3,-133
14,-143
25,-130
-32,-88
37,-250
-26,-165
-170,-1
18,-207
-11,-98
-27,-103
41,-245
93,-278
-42,-193
24,-3
-35,-62
92,-259
-45,-100
-24,-179
-22,19
7,-118
-11,-61
6,-112
9,-189
41,-246
-129,-15
-21,-172
-37,-166
-34,-105
-268,91
43,-139
20,-29
-163,-9
34,-240
-21,-107
10,-155
-38,-85
-35,-144
-22,-68
-15,-182
-24,19
17,-21
-10,-179
7,-122
-1,-76
93,-284
-48,-195
-112,3
17,-30
-2,-1
10,-148
28,1
-35,-68
52,-265
59,-127
-20,-172
39,-246
-86,-44
81,-259
-138,26
14,-186
27,-242
-36,-94
-19,-162
-60,-157
37,-128
63,-251
-31,-164
-29,-161
2,16
68,-275
11,-171
-4,4
-42,-105
72,-264
11,-142
-33,-102
-8,-62
-15,-180
-80,-32
83,-289
-6,-121
-41,-154
-167,-59
65,-243
62,-140
26,-28
13,1
-4,-163
-1,13
61,-257
-45,-156
13,-142
-180,8
2,-201
80,-276
74,-133
-45,-140
-28,14
9,-180
-133,-14
3,-130
-113,50
-138,-35
35,-266
2,-135
89,-298
-10,-112
-33,-123
99,-256
28,-27
-27,-134
56,-261
68,-269
-51,-141
-33,-114
31,-18
11,-179
72,-202
96,-183
92,-286
-32,-169
-11,-75
71,-269
44,-261
23,-37
-68,-158
43,-237
-88,-32
41,-243
-20,-107
-229,81
-133,3
-5,-108
61,-255
-45,-158
95,-232
38,-237
45,-249
-29,-87
57,-123
12,-189
-21,-165
2,-198
-57,-175
12,-146
-22,-132
28,-180
-107,34
18,-32
-63,-10
-47,-177
35,-264
-60,-162
-1,-187
-22,-169
-59,-162
40,-123
31,-126
63,-258
15,-177
71,-260
-27,-105
-167,-8
-6,9
17,-150
-59,-23
-22,-83
-35,-80
-32,-133
40,-248
96,-278
12,-174
-31,-94
-21,-116
74,-283
-154,62
69,-188
59,-132
67,-137
80,-199
32,-129
14,0
78,-267
6,-161
-196,23
41,-242
37,-108
-6,26
-60,-167
21,-196
10,-211
-7,-120
46,-259
18,-36
35,-177
-28,-97
-107,-6
-11,-68
9,-30
67,-139
-180,18
3,-214
11,-46
10,-32
-28,-118
-20,-87
73,-224
62,-158
-2,-123
17,-209
-107,-35
-100,-29
59,-138
81,-260
-44,-84
55,-260
17,-180
54,-261
-199,81
12,-206
-50,-83
-6,1
35,-131
-12,-164
83,-192
-203,73
68,-243
74,-265
-19,-174
-17,-126
1,-147
-53,-168
14,-147
-21,-179
21,-149
13,-179
-112,-3
-26,-148
43,-244
87,-178
-65,-37
86,-268
100,-259
41,-239
69,-244
-30,-138
-202,27
-36,-68
-16,-89
-33,21
11,-28
-27,9
10,-154
-29,-81
12,-154
-32,-61
-21,-76
97,-255
60,-253
11,-30
19,-150
53,-125
-29,-94
13,-178
57,-251
-22,-164
-112,-24
-1,18
-281,101
-32,-79
104,-221
-40,-84
80,-187
10,-207
24,-13
81,-161
8,-142
-56,-161
13,-180
95,-226
-56,-169
98,-226
12,-150
-5,-110
15,-217
-36,-151
27,-245
-11,28
7,-121
53,-139
-135,50
10,-4
-259,52
36,-252
99,-288
-10,-71
-27,-99
26,-34
-38,-66
-251,39
-41,-150
40,-252
-10,-156
95,-247
13,-139
-189,81
0,3
-168,-27
-206,32
-173,-19
-21,-109
-20,27
92,-278
29,-124
4,-217
11,-217
-123,8
-89,-31
84,-197
-55,-169
1,-76
66,-140
0,-184
-20,-78
-33,-169
89,-249
51,-258
63,-132
6,-158
-28,-116
25,-163
72,-206
-30,-79
-164,13
-23,-172
-129,-40
23,-5
26,-222
4,-173
-26,-62
80,-181
2,-51
-35,-142
29,4
-22,16
-56,-73
-22,-175
-53,-163
68,-270
34,-6
-5,-76
-159,-8
-191,94
48,-111
-146,-60
-13,-118
-53,-149
-41,-85
44,-128
-59,-146
-169,-55
-4,-114
0,27
-48,-162
-122,36
11,2
14,-130
-85,-19
9,-166
84,-196
58,-146
48,-118
-44,-151
45,-279
16,2
92,-176
60,-146
-22,-107
-6,-115
3,-75
-67,-24
14,-187
82,-177
-19,-113
-158,-19
-29,-86
16,-36
-70,-153
-47,-185
-31,12
68,-266
-32,-62
-26,-171
-9,-109
-15,-133
2,-112
-8,-164
-21,-137
-23,-69
32,-10
36,-236
-9,-158
50,-281
5,-2
-19,-121
29,-32
-12,-114
-12,-165
-23,-90
35,-269
17,-22
-27,-172
-30,-121
21,-160
32,-128
-1,1
37,-123
12,-139
-33,-76
37,-147
28,-155
-50,-196
-4,-121
10,-161
-47,-113
-28,-124
-27,-168
81,-162
73,-270
-261,52
-7,-179
-30,-113
27,-180
5,-145
72,-266
94,-176
-148,67
-12,-163
67,-205
-35,-162
-176,-16
82,-229
34,-231
23,-145
-259,51
23,-28
-38,-74
-26,-135
3,-210
21,-1
49,-259
67,-200
28,-156
-41,-152
-24,-59
-107,35
-8,-155
-21,-60
15,-25
-3,-112
-26,-143
-30,12
21,-186
-77,-27
-29,11
-2,-121
-41,-81
48,-261
-171,-19
-30,-110
59,-246
23,-118
14,-129
-57,-169
-27,-59
38,-250
-6,-169
17,-160
-35,-145
90,-183
34,-244
-270,71
31,-152
-29,-119
53,-257
-250,34
0,-127
-19,-111
15,-26
-1,-126
-20,-135
-13,-161
88,-175
-164,-35
-41,-84
-4,-76
-60,-177
-37,-94
89,-277
86,-289
-12,-85
16,-217
-11,-100
-21,-77
-17,-125
-9,-115
-167,19
67,-251
-21,-183
34,-233
-13,-159
74,-160
46,-246
10,-137
-6,-179
63,-261
73,-271
-26,-117
-10,-108
45,-276
-18,-85
38,-258
-60,-158
11,-172
9,-174
19,-29
-33,-97
-34,-110
-29,-98
9,-195
-33,-68
-15,-90
86,-276
0,-3
-22,-166
1,-116
8,-207
81,-280
-162,-32
21,-40
-131,-23
23,-124
-3,-156
-1,-152
-58,-76
-34,-91
50,-108
-155,-8
30,-196
-159,-13
-33,-73
74,-280
29,-16
-4,-115
-17,-124
-94,-19
-56,-146
-176,97
9,-28
37,-255
22,-169
19,-24
-3,-146
-27,-173
63,-150
19,-21
-23,-144
99,-259
-35,-110
-197,80
-30,-71
67,-130
11,-6
-88,-17
-148,31
-26,-133
-39,-151
55,-243
-80,-25
39,-239
-163,-15
-47,-195
88,-289
0,-182
96,-226
2,-60
-122,-5
-156,17
-156,10
68,-160
-31,-156
-1,6
-7,-110
-62,-165
-176,-45
90,-190
0,-181
-29,-100
49,-247
25,-156
-46,-100
65,-236
12,-38
18,-39
94,-187
-60,-178
-76,-33
-31,-61
-31,-79
-36,-162
102,-185
0,-156
-166,-17
24,-177
52,-267
83,-187
67,-136
-4,-1
-11,-72
-203,12
-166,12
-84,-29
-21,-136
-1,-151
99,-287
61,-238
67,-209
78,-199
-3,-58
45,-257
62,-147
-32,-134
-66,0
-41,-104
-39,-162
-135,-37
-27,28
80,-229
35,-173
53,-261
-33,-149
-26,-123
-3,9
-21,-144
80,-195
93,-282
15,-153
-22,-120
-130,19
-33,-79
54,-246
6,-180
59,-136
76,-164
30,-209
24,-26
-282,86
-258,43
-146,-9
3,-112
-185,-20
-21,-96
-26,-80
-26,-92
90,-253
-29,-88
98,-256
31,-169
-45,-195
87,-226
-27,-77
-14,-130
-30,10
59,-124
32,-122
-28,-111
98,-231
91,-193
-128,56
-39,-177
33,-111
81,-263
-43,-83
88,-282
73,-185
51,-125
-187,-1
86,-273
-17,-145
-12,-79
73,-200
35,-178
27,-20
31,-5
-179,-8
-60,-182
-38,-101
34,-255
57,-126
-90,-18
25,-145
-214,23
-23,-164
-14,-155
84,-177
-273,45
12,-30
67,-144
-83,-32
53,-255
-138,-25
-50,-82
83,-197
29,-125
8,-174
-7,-163
22,-207
53,-146
-135,-42
50,-107
-12,-75
-22,-84
18,-22
12,-152
86,-256
17,-154
56,-243
28,-3
93,-226
-25,-63
19,-130
82,-196
20,-180
-12,-109
-45,-161
60,-261
93,-171
6,-162
-21,-180
16,-181
53,-254
11,-32
-5,-163
74,-282
-11,-122
18,-130
25,-166
62,-126
-123,-24
8,-166
-47,-180
78,-189
0,-66
-20,-163
69,-249
-18,-155
-29,-117
-11,-99
-12,-63
-102,-33
-7,-159
71,-271
-11,-172
-59,-8
24,-6
-39,-129
25,-159
-131,36
-12,-107
37,-115
-12,-113
-145,13
-3,-136
23,-130
-47,-74
73,-268
-35,-114
14,-142
-56,-163
92,-298
22,-34
2,-123
81,-266
0,-167
-22,-144
-164,20
-41,-191
-22,-115
62,-260
-23,-64
-26,-168
21,-168
27,-157
-4,28
55,-126
-27,24
-59,-26
32,-205
-32,-81
-27,-132
86,-189
60,-123
-21,-142
32,-5
33,-180
3,-150
63,-126
65,-260
-37,-146
35,-176
-41,-89
-3,7
-17,-172
7,-212
100,-180
-40,-71
18,-30
52,-262
43,-126
42,-138
-23,-170
36,-237
-38,-68
-83,-43
67,-198
-41,-129
-1,-4
91,-196
-8,6
-172,-34
0,-123
-34,-94
-173,-18
-25,-106
-176,-35
-23,-163
-134,5
85,-249
101,-184
8,-147
53,-246
96,-171
50,-136
-17,-162
-5,8
-32,-105
-10,-109
87,-277
-2,-170
-25,-140
-134,6
-5,-179
83,-275
2,9
74,-171
21,-23
60,-243
-26,-167
-35,-141
34,-130
-23,-132
-148,-23
99,-290
-137,-30
-173,-14
-265,76
10,-158
-10,-174
-58,-139
-279,81
-45,-89
101,-259
-45,-137
-152,15
-32,-160
-28,-125
-50,-110
-27,-160
-24,-80
-9,34
-35,16
-89,-43
-9,-102
-22,-122
106,-278
-20,-158
-19,-127
5,-207
68,-279
10,-47
15,-160
68,-261
16,-202
8,-7
11,-150
-146,39
62,-154
-24,-70
66,-150
-193,98
10,-30
95,-238
-38,-89
-12,-105
-1,-188
61,-140
74,-137
5,-130
-48,-74
34,-147
83,-195
-210,27
39,-251
-14,-60
22,-177
69,-281
-54,-141
13,-158
3,-153
61,-259
15,-207
74,-197
83,-273
100,-226
90,-226
-3,-179
-38,-71
3,-127
-36,-78
91,-260
74,-168
86,-290
-18,-86
-49,-99
-25,-141
-45,-113
1,-156
-175,-25
89,-180
-160,-7
28,-172
-42,-124
11,-146
0,-194
99,-231
94,-194
50,-135
54,-143
-85,-43
50,-132
79,-260
31,-11
-148,8
86,-288
4,-134
58,-131
-116,-13
0,-1
-146,-37
-1,-123
-78,-13
-117,-22
69,-265
-37,-151
-15,-183
-191,-42
-53,-101
-25,-115
-25,-172
-25,-137
65,-160
48,-131
11,-166
-222,26
-35,-143
88,-184
2,-205
-7,-63
78,-284
-25,-136
94,-171
-271,80
3,-154
-19,-158
-52,-194
-25,-139
-3,-141
87,-249
9,-27
-1,-119
-110,-7
22,-40
-13,-133
80,-263
26,-171
-31,-137
72,-205
61,-262
81,-271
-28,-89
74,-176
67,-236
97,-226
-3,-138
-170,-19
-35,-89
-22,-172
-278,82
91,-261
-52,-76
-33,-101
79,-271
-5,32
-16,-134
28,-32
0,-8
-33,-72
82,-197
75,-271
-55,-163
-60,-14
47,-246
74,-136
69,-270
-52,-192
31,-249
21,-188
4,-170
-18,-173
-17,-121
16,-151
-47,-141
50,-143
-83,-40
-20,-88
-13,-165
24,-12
7,-178
-38,-88
4,-164
50,-121
83,-249
-17,-65
-187,-52
-84,-46
3,-180
54,-257
69,-268
54,-142
86,-277
-100,-9
8,-148
17,-208
25,-30
79,-282
-29,-164
-29,-84
-9,-157
31,2
-10,-76
81,-279
104,-281
15,-136
-204,27
-159,-15
10,-171
-28,-123
81,-268
-21,-156
-2,2
-85,-21
-57,-171
-253,95
12,-217
-139,50
89,-282
-241,37
-10,-173
99,-286
40,-258
22,-180
13,-146
69,-250
0,-53
65,-261
18,-134
-31,-105
81,-278
-12,-159
24,-14
26,-137
-17,-118
-19,-168
98,-176
-63,-28
-123,2
8,-125
-196,89
-27,-109
-11,-168
86,-293
80,-179
21,-207
-221,106
-29,-85
27,-209
65,-150
4,-148
-8,-103
30,-35
-19,-155
-19,-119
90,-289
-151,-43
72,-267
-26,-160
36,-231
-16,-185
-21,-176
-14,-159
99,-295
25,-158
24,-157
-119,-3
-279,78
-196,24
31,0
21,-180
49,-281
-8,-156
-148,21
-25,-177
67,-134
-24,-164
-9,-101
-92,-28
45,-273
-59,0
-29,-106
-29,-83
-13,-179
94,-189
-169,-22
-10,-106
-34,-62
-34,-92
-261,54
80,-197
30,-2
-16,-180
48,-252
-28,-94
13,-145
-116,-4
93,-259
4,0
50,-116
-6,-167
21,-131
64,-251
31,-124
106,-223
10,-156
13,-132
43,-242
-107,-21
-27,-162
-152,59
-29,-101
1,-163
-23,-93
3,-215
9,-137
101,-193
90,-298
-36,-165
-4,2
